222222222222222222
22222222222222222
111111111111111111
111111111111111111
111111111111111111
111111111111111111
111111111111111111
333333333333333333
333333333333333333
111111111111111111
111111111111111111
111111111111111111
111111111111111111
111111111111111111
111111111111111111
111111111111111111
111111111111111111
111111111111111111
111111111111111111
111111111111111111
111111111111111111
111111111111111111
111111111111111111
111111111111111111
111111111111111111
111111111111111111
111111111111111111
